1 0.711979 0.569444 0.066667 0.277778
1 0.797917 0.558333 0.077083 0.246296
1 0.853125 0.592593 0.110417 0.277778
1 0.335677 0.600463 0.075521 0.273148
1 0.235677 0.624074 0.124479 0.309259
1 0.110677 0.575926 0.084896 0.244444
1 0.382812 0.513426 0.079167 0.186111
1 0.165365 0.792130 0.144271 0.415741
1 0.038802 0.522222 0.063021 0.162963
1 0.636458 0.487500 0.033333 0.130556
1 0.453125 0.447222 0.023958 0.057407
1 0.298958 0.441667 0.022917 0.057407
1 0.246875 0.487037 0.065625 0.170370
1 0.165365 0.485648 0.035937 0.089815
1 0.018750 0.733796 0.036458 0.293519
2 0.610417 0.429630 0.017708 0.129630
