1 0.696875 0.796759 0.202083 0.400926
1 0.875781 0.804167 0.153646 0.391667
1 0.354167 0.768056 0.222917 0.399074
1 0.498958 0.700926 0.072917 0.364815
1 0.589323 0.638889 0.068229 0.296296
1 0.652083 0.627778 0.056250 0.312963
1 0.265104 0.641667 0.070833 0.248148
1 0.731250 0.520833 0.093750 0.167593
1 0.927604 0.531481 0.109375 0.181481
2 0.179427 0.569444 0.100521 0.431481
1 0.216927 0.597685 0.071354 0.215741
2 0.014844 0.500000 0.028646 0.220370
1 0.409375 0.575463 0.061458 0.147222
1 0.351042 0.547685 0.047917 0.119444
1 0.540625 0.513426 0.035417 0.125000
1 0.503906 0.503704 0.030729 0.092593
1 0.429948 0.480093 0.033854 0.089815
1 0.767188 0.482870 0.054167 0.095370
1 0.982031 0.508796 0.035937 0.160185
1 0.825000 0.580093 0.097917 0.258333
