1 0.189062 0.599074 0.067708 0.220370
1 0.102865 0.590741 0.113021 0.222222
1 0.121094 0.523611 0.038021 0.108333
2 0.231510 0.524537 0.076563 0.284259
1 0.556771 0.501852 0.038542 0.120370
1 0.593229 0.504630 0.029167 0.131481
1 0.620052 0.499074 0.031771 0.118519
1 0.664583 0.498611 0.033333 0.106481
1 0.700521 0.493056 0.032292 0.108333
1 0.520052 0.492130 0.031771 0.097222
1 0.535677 0.462500 0.011979 0.032407
2 0.776302 0.540741 0.052604 0.272222
2 0.830990 0.568056 0.072396 0.328704
2 0.931250 0.460648 0.031250 0.091667
2 0.873437 0.486111 0.033333 0.125926
