1 0.238281 0.696296 0.057813 0.148148
1 0.292969 0.688426 0.046354 0.143519
1 0.347396 0.676852 0.042708 0.129630
1 0.392448 0.672222 0.033854 0.129630
1 0.710417 0.704167 0.050000 0.175000
1 0.953385 0.700000 0.086979 0.164815
2 0.490104 0.791204 0.158333 0.417593
2 0.548438 0.792593 0.062500 0.414815
2 0.751042 0.712500 0.064583 0.313889
2 0.810156 0.648611 0.031771 0.136111
2 0.849219 0.642130 0.032813 0.158333
2 0.896875 0.624537 0.027083 0.123148
1 0.286719 0.648148 0.016146 0.072222
1 0.331771 0.632407 0.020833 0.055556
1 0.435677 0.649074 0.027604 0.083333
1 0.471094 0.632407 0.021354 0.057407
1 0.451823 0.630093 0.018229 0.065741
1 0.609896 0.626852 0.020833 0.072222
2 0.660156 0.594444 0.014063 0.090741
1 0.645573 0.610185 0.013021 0.057407
1 0.175260 0.656481 0.043229 0.131481
1 0.260156 0.625463 0.024479 0.067593
1 0.209635 0.618519 0.021354 0.061111
