1 0.688021 0.686574 0.081250 0.189815
1 0.762760 0.696759 0.059896 0.184259
1 0.965104 0.715741 0.063542 0.218519
1 0.909635 0.717593 0.072396 0.222222
1 0.140625 0.694444 0.061458 0.138889
1 0.585938 0.629630 0.034375 0.111111
1 0.397135 0.627315 0.025521 0.089815
1 0.368490 0.631481 0.030729 0.088889
1 0.621875 0.613889 0.036458 0.085185
2 0.276302 0.692593 0.054688 0.237037
1 0.027083 0.698148 0.053125 0.144444
1 0.722656 0.664352 0.042188 0.158333
1 0.845833 0.614815 0.033333 0.083333
1 0.877344 0.673611 0.044271 0.141667
1 0.803125 0.581481 0.016667 0.037037
1 0.763802 0.583333 0.018229 0.033333
1 0.780729 0.581481 0.017708 0.035185
1 0.477604 0.616204 0.019792 0.087963
1 0.977604 0.608796 0.034375 0.089815
2 0.504948 0.610648 0.026562 0.117593
2 0.540104 0.597685 0.018750 0.095370
2 0.554427 0.588426 0.011979 0.089815
1 0.235677 0.640278 0.022396 0.060185
2 0.192188 0.711574 0.056250 0.245370
1 0.332292 0.612500 0.029167 0.058333
