1 0.640365 0.761111 0.065104 0.170370
1 0.702344 0.722685 0.057813 0.160185
1 0.766406 0.797685 0.083854 0.221296
1 0.851042 0.742130 0.086458 0.204630
1 0.912500 0.867593 0.170833 0.259259
2 0.376823 0.743981 0.082812 0.512037
2 0.200521 0.649537 0.071875 0.232407
2 0.130729 0.630556 0.032292 0.194444
2 0.093229 0.627315 0.042708 0.200926
2 0.025521 0.633333 0.044792 0.181481
2 0.277865 0.575463 0.025521 0.139815
2 0.248698 0.596759 0.020313 0.152778
2 0.440625 0.609259 0.031250 0.220370
2 0.518229 0.599537 0.033333 0.187963
2 0.563021 0.581481 0.033333 0.205556
2 0.599740 0.597222 0.039062 0.222222
2 0.657292 0.578241 0.040625 0.191667
2 0.815625 0.587963 0.035417 0.177778
2 0.871615 0.563889 0.041146 0.183333
