1 0.432031 0.668981 0.060937 0.152778
1 0.486979 0.656944 0.039583 0.143519
1 0.671354 0.789815 0.055208 0.272222
2 0.294010 0.650000 0.023438 0.231481
2 0.327344 0.658333 0.044271 0.211111
2 0.143229 0.643519 0.050000 0.270370
2 0.190885 0.643519 0.035937 0.240741
2 0.045312 0.660648 0.048958 0.204630
2 0.013542 0.631944 0.026042 0.173148
1 0.233073 0.637500 0.024479 0.125000
1 0.375781 0.618981 0.026562 0.089815
2 0.543229 0.637500 0.041667 0.206481
2 0.599219 0.769907 0.068229 0.460185
1 0.802865 0.705556 0.061979 0.159259
1 0.939063 0.798611 0.075000 0.234259
1 0.872396 0.638889 0.052083 0.081481
1 0.738021 0.657870 0.045833 0.128704
