0 0.553646 0.387500 0.156250 0.300926
2 0.336458 0.324537 0.072917 0.273148
2 0.426563 0.169907 0.018750 0.082407
2 0.409635 0.178241 0.014063 0.078704
2 0.375000 0.179167 0.013542 0.073148
2 0.391146 0.179167 0.014583 0.075000
2 0.319271 0.187037 0.017708 0.077778
2 0.342448 0.188426 0.015104 0.071296
2 0.448177 0.176389 0.014063 0.078704
2 0.467708 0.172685 0.011458 0.062037
2 0.492708 0.173611 0.016667 0.086111
2 0.557292 0.163889 0.012500 0.081481
2 0.617448 0.153704 0.016146 0.100000
2 0.645312 0.151389 0.017708 0.097222
