1 0.494792 0.587963 0.063542 0.233333
1 0.548177 0.565741 0.045312 0.231481
1 0.648698 0.574537 0.059896 0.267593
2 0.308854 0.653241 0.097917 0.458333
2 0.076563 0.516667 0.055208 0.251852
2 0.144271 0.503241 0.041667 0.239815
2 0.235937 0.493519 0.037500 0.212963
2 0.271094 0.468056 0.029687 0.193519
2 0.364323 0.431019 0.031771 0.141667
2 0.407292 0.462963 0.029167 0.192593
2 0.426823 0.452315 0.026562 0.169444
2 0.456510 0.425926 0.025521 0.162963
2 0.483854 0.443519 0.019792 0.153704
2 0.512760 0.420833 0.023438 0.134259
2 0.589844 0.472685 0.045312 0.173148
