2 0.370130 0.819643 0.051948 0.253571
2 0.431818 0.812500 0.067100 0.232143
2 0.544372 0.744643 0.088745 0.275000
2 0.764069 0.778571 0.077922 0.292857
2 0.633117 0.535714 0.075758 0.235714
2 0.563853 0.342857 0.054113 0.221429
2 0.503247 0.141071 0.067100 0.203571
2 0.426407 0.142857 0.051948 0.221429
2 0.784632 0.541071 0.075758 0.239286
2 0.860390 0.551786 0.088745 0.253571
2 0.703463 0.246429 0.051948 0.207143
2 0.623377 0.207143 0.047619 0.207143
2 0.814935 0.189286 0.075758 0.200000
1 0.294372 0.608929 0.082251 0.175000
2 0.954545 0.060714 0.047619 0.114286
2 0.927489 0.057143 0.032468 0.107143
