1 0.561198 0.781481 0.161979 0.435185
1 0.428646 0.741204 0.104167 0.482407
1 0.258073 0.660648 0.092188 0.336111
1 0.341927 0.670833 0.072396 0.369444
1 0.172135 0.604167 0.081771 0.265741
1 0.308594 0.499074 0.038021 0.144444
2 0.744792 0.599537 0.106250 0.450926
1 0.886979 0.807870 0.226042 0.384259
1 0.904687 0.626389 0.190625 0.249074
1 0.487500 0.567130 0.088542 0.176852
1 0.529167 0.470833 0.032292 0.078704
1 0.611458 0.498611 0.027083 0.102778
1 0.411979 0.460648 0.041667 0.063889
1 0.083073 0.546759 0.041146 0.171296
1 0.122656 0.534259 0.044271 0.127778
1 0.339323 0.456481 0.027604 0.050000
1 0.496094 0.478241 0.028646 0.073148
1 0.677083 0.503704 0.068750 0.144444
1 0.188542 0.493981 0.038542 0.086111
1 0.452604 0.462500 0.036458 0.054630
