1 0.266927 0.648611 0.108854 0.362037
1 0.375781 0.664815 0.093229 0.350000
1 0.782552 0.639815 0.073438 0.250000
1 0.688021 0.571759 0.034375 0.134259
1 0.596094 0.550000 0.040104 0.088889
1 0.667188 0.556019 0.022917 0.126852
1 0.747135 0.566667 0.043229 0.144444
1 0.851302 0.690741 0.097396 0.264815
1 0.945573 0.827778 0.108854 0.344444
1 0.323177 0.526389 0.053646 0.139815
1 0.476562 0.530093 0.022917 0.108333
1 0.432031 0.497222 0.016146 0.044444
2 0.529427 0.505556 0.013021 0.077778
1 0.565365 0.536111 0.018229 0.070370
