1 0.644531 0.681481 0.105729 0.344444
1 0.742708 0.687963 0.085417 0.383333
1 0.408854 0.550926 0.080208 0.229630
1 0.477083 0.547222 0.054167 0.212963
1 0.555990 0.633796 0.070312 0.271296
1 0.367188 0.478704 0.030208 0.077778
1 0.328906 0.491204 0.020313 0.119444
1 0.313021 0.472685 0.018750 0.097222
2 0.483594 0.425926 0.021354 0.090741
1 0.510417 0.442130 0.026042 0.045370
1 0.273958 0.448148 0.025000 0.053704
1 0.251823 0.447685 0.015104 0.058333
2 0.124479 0.444444 0.020833 0.092593
1 0.666406 0.539352 0.053646 0.158333
