1 0.311458 0.743519 0.088542 0.322222
1 0.392708 0.721296 0.067708 0.277778
1 0.494271 0.666204 0.069792 0.223148
1 0.552344 0.657870 0.054688 0.210185
1 0.699740 0.597222 0.042188 0.150000
1 0.739323 0.598611 0.039062 0.149074
2 0.092708 0.743056 0.143750 0.513889
2 0.842187 0.569444 0.032292 0.207407
2 0.879687 0.587500 0.036458 0.212037
2 0.976562 0.565278 0.046875 0.167593
1 0.626042 0.541204 0.020833 0.069444
1 0.651563 0.519444 0.017708 0.042593
1 0.589323 0.543056 0.020313 0.065741
1 0.357812 0.584722 0.039583 0.106481
1 0.410156 0.557870 0.039062 0.078704
1 0.461198 0.544444 0.021354 0.059259
1 0.285156 0.588426 0.047396 0.119444
1 0.259635 0.574074 0.034896 0.101852
1 0.222396 0.582870 0.029167 0.130556
1 0.182031 0.623611 0.036979 0.125000
1 0.788542 0.547222 0.028125 0.070370
1 0.812500 0.551852 0.020833 0.072222
1 0.759635 0.531019 0.023438 0.045370
