1 0.307292 0.793981 0.112500 0.349074
1 0.442188 0.763426 0.080208 0.287963
1 0.500000 0.618056 0.037500 0.136111
1 0.544271 0.621759 0.040625 0.134259
1 0.583333 0.616667 0.033333 0.131481
2 0.356250 0.611111 0.058333 0.246296
1 0.455729 0.594444 0.034375 0.081481
1 0.414062 0.630556 0.036458 0.129630
1 0.721354 0.581019 0.048958 0.102778
1 0.729688 0.547685 0.025000 0.050926
1 0.815885 0.538426 0.024479 0.050926
1 0.786458 0.546296 0.022917 0.051852
1 0.869531 0.546296 0.027604 0.070370
2 0.932813 0.542130 0.030208 0.130556
2 0.976823 0.544444 0.040104 0.138889
1 0.892708 0.549074 0.030208 0.074074
