1 0.448177 0.740278 0.075521 0.304630
1 0.522917 0.720370 0.067708 0.251852
1 0.627604 0.684722 0.080208 0.236111
1 0.693490 0.684259 0.049479 0.235185
1 0.873437 0.631019 0.056250 0.180556
1 0.930469 0.631944 0.048438 0.182407
2 0.068750 0.747222 0.136458 0.505556
1 0.315885 0.671296 0.046354 0.179630
1 0.352344 0.586111 0.021354 0.112963
1 0.399219 0.571759 0.026562 0.095370
1 0.421354 0.596759 0.041667 0.108333
1 0.489063 0.593519 0.034375 0.114815
1 0.534115 0.568056 0.023438 0.086111
1 0.586979 0.565741 0.032292 0.068519
1 0.562240 0.551389 0.033854 0.063889
1 0.653385 0.573611 0.027604 0.086111
1 0.626042 0.544907 0.018750 0.050926
1 0.773177 0.559259 0.028646 0.072222
1 0.733073 0.559722 0.026562 0.069444
1 0.804688 0.537500 0.022917 0.052778
1 0.176563 0.586574 0.040625 0.112037
1 0.216667 0.632870 0.050000 0.139815
