1 0.741406 0.821759 0.051562 0.187963
1 0.653646 0.805093 0.045833 0.156481
1 0.607812 0.803704 0.045833 0.155556
1 0.559635 0.788426 0.039062 0.112037
1 0.523698 0.767593 0.028646 0.105556
1 0.605729 0.723148 0.030208 0.053704
2 0.132552 0.742593 0.035937 0.183333
2 0.045312 0.737037 0.039583 0.214815
2 0.159635 0.713426 0.015104 0.137963
2 0.178646 0.710185 0.017708 0.109259
2 0.201042 0.695370 0.015625 0.087037
2 0.242708 0.693056 0.016667 0.086111
2 0.280729 0.692130 0.014583 0.087963
2 0.306510 0.689352 0.021354 0.087963
2 0.328646 0.698148 0.015625 0.107407
2 0.344010 0.706019 0.013021 0.106481
2 0.382292 0.729630 0.015625 0.094444
2 0.373698 0.691667 0.011979 0.075926
2 0.436979 0.711574 0.015625 0.104630
2 0.458333 0.721296 0.012500 0.081481
2 0.578385 0.681944 0.013021 0.060185
2 0.547917 0.679167 0.012500 0.047222
2 0.520833 0.674074 0.013542 0.050000
2 0.497135 0.692593 0.009896 0.066667
1 0.690885 0.679630 0.014063 0.042593
2 0.906250 0.775926 0.066667 0.274074
